gamble
1,2,12.99,0.07,0.07,0.57,0.01,0.36
2,4,33.17,0.02,2.61,0.91,0.55,0.07
3,7,98.64,0.01,0.44,0.98,0.05,0.01
4,4,8.73,0.38,0.17,0.52,0.05,0.10
5,5,0.76,0.38,0.74,0.45,0.67,0.18
6,8,3.04,0.25,1.87,0.74,0.48,0.01
7,8,6.42,0.18,3.15,0.45,0.15,0.37
8,4,3.46,0.22,0.27,0.67,0.25,0.11
9,9,3.15,0.46,1.80,0.51,1.00,0.04
10,9,23.24,0.09,0.09,0.86,0.02,0.04
11,10,7.62,0.08,0.22,0.85,0.05,0.07
12,7,10.78,0.22,0.97,0.78,0.60,0.01
13,10,6.82,0.27,1.78,0.63,0.59,0.10
14,11,4.72,0.23,0.96,0.70,0.26,0.07
15,4,7.77,0.31,0.84,0.55,0.10,0.14
16,9,25.69,0.03,0.92,0.80,0.50,0.17
17,12,5.31,0.26,2.15,0.49,0.35,0.25
18,8,24.99,0.14,0.41,0.55,0.12,0.30
19,4,8.85,0.28,0.47,0.63,0.39,0.09
20,6,17.02,0.12,0.96,0.72,0.19,0.16
21,0,29.72,0.03,1.43,0.83,0.25,0.15
22,7,1.13,0.48,0.82,0.40,0.74,0.12
23,8,1.82,0.14,0.97,0.67,0.70,0.19
24,4,7.72,0.11,0.53,0.88,0.03,0.00
25,0,9.09,0.04,0.10,0.73,0.07,0.22
26,5,3.41,0.07,0.32,0.85,0.22,0.07
27,12,1.98,0.35,0.11,0.57,0.07,0.08
28,2,8.10,0.10,0.35,0.79,0.29,0.10
29,2,7.14,0.29,0.97,0.68,0.08,0.03
30,6,33.30,0.02,1.67,0.77,0.18,0.21
31,4,4.39,0.23,2.92,0.50,0.21,0.27
32,13,4.07,0.26,0.81,0.69,0.10,0.04
33,12,4.70,0.38,0.34,0.40,0.06,0.22
34,12,45.93,0.07,1.04,0.61,0.03,0.33
35,14,59.87,0.02,0.69,0.83,0.31,0.15
36,6,3.61,0.13,2.53,0.78,0.05,0.10
37,6,206.91,0.00,1.48,0.84,0.35,0.16
38,4,5.81,0.27,1.11,0.52,0.82,0.21
39,0,5.85,0.22,2.02,0.50,0.47,0.28
40,6,109.80,0.01,1.40,0.71,0.26,0.28
41,1,11.00,0.24,0.02,0.56,0.02,0.20
42,12,2.17,0.22,0.56,0.74,0.17,0.03
43,13,98.25,0.02,2.75,0.48,0.34,0.50
44,11,109.60,0.03,0.14,0.85,0.03,0.12
45,14,2.28,0.17,0.55,0.75,0.14,0.08
46,11,83.62,0.03,1.35,0.90,0.59,0.08
47,12,6.76,0.10,1.86,0.44,0.63,0.46
48,6,38.70,0.07,0.23,0.76,0.15,0.17
49,13,10.26,0.03,0.25,0.94,0.14,0.02
50,5,18.73,0.05,1.76,0.65,0.08,0.30
51,14,32.27,0.10,0.83,0.75,0.66,0.15
52,4,0.73,0.48,0.67,0.42,0.16,0.10
53,2,1.45,0.09,0.96,0.87,0.15,0.04
54,2,3.62,0.18,1.89,0.74,0.01,0.09
55,1,23.21,0.08,2.33,0.55,0.19,0.37
56,4,18.83,0.02,1.07,0.47,0.51,0.51
57,14,6.87,0.50,0.57,0.46,0.03,0.04
58,0,53.22,0.01,2.57,0.79,0.60,0.20
59,12,24.19,0.05,0.18,0.92,0.02,0.03
60,10,2.92,0.18,0.59,0.48,0.12,0.35
61,14,8.34,0.14,0.38,0.73,0.06,0.13
62,3,108.14,0.01,2.72,0.49,0.23,0.51
63,8,305.96,0.00,2.61,0.83,0.73,0.16
64,2,10.95,0.23,0.65,0.41,0.12,0.36
65,13,10.58,0.06,0.42,0.54,0.08,0.40
66,4,5.29,0.04,0.30,0.56,0.06,0.39
67,11,11.40,0.23,1.66,0.66,0.74,0.11
68,1,82.01,0.03,1.04,0.82,0.20,0.14
69,12,2.57,0.40,1.22,0.51,0.69,0.09
70,5,3.72,0.18,1.49,0.68,0.88,0.14
71,5,1.73,0.17,1.56,0.74,0.22,0.09
72,14,1735.14,0.00,1.67,0.99,0.97,0.01
73,3,8.08,0.12,0.07,0.47,0.03,0.41
74,6,5.06,0.02,2.78,0.53,0.25,0.45
75,0,9.07,0.02,1.01,0.82,0.58,0.16
76,2,44.96,0.03,1.43,0.58,0.06,0.39
77,11,2.87,0.22,0.13,0.74,0.13,0.04
78,5,0.66,0.26,0.37,0.71,0.06,0.03
79,0,0.76,0.26,0.44,0.45,0.07,0.30
80,13,288.64,0.00,1.67,0.85,0.34,0.15
81,2,24.46,0.11,1.04,0.61,0.83,0.28
82,2,1.71,0.31,0.31,0.56,0.05,0.13
83,9,82.69,0.02,2.16,0.96,0.47,0.02
84,6,84.77,0.01,0.80,0.97,0.36,0.02
85,8,2.28,0.27,0.64,0.55,0.29,0.18
86,3,18.52,0.03,0.69,0.87,0.00,0.10
87,14,57.05,0.02,0.58,0.58,0.15,0.40
88,5,263.11,0.00,0.67,0.89,0.32,0.11
89,13,43.11,0.03,0.44,0.69,0.30,0.27
90,9,1.53,0.32,0.65,0.49,0.60,0.19
91,2,6.83,0.14,0.19,0.71,0.07,0.15
92,14,4483.18,0.00,0.18,0.99,0.06,0.01
93,6,51.13,0.05,0.09,0.95,0.05,0.00
94,4,120.31,0.02,0.16,0.73,0.12,0.25
95,12,1.02,0.48,0.37,0.49,0.32,0.03
96,14,4.45,0.02,0.71,0.90,0.57,0.07
97,1,5.07,0.27,1.59,0.42,0.15,0.32
98,14,14.88,0.16,0.45,0.54,0.13,0.30
99,2,2.36,0.29,1.84,0.70,0.92,0.01
100,7,1.82,0.40,0.64,0.52,0.37,0.08
101,8,14.00,0.13,0.46,0.68,0.16,0.19
102,7,3.98,0.17,0.27,0.66,0.00,0.17
103,0,9.11,0.12,1.09,0.85,0.80,0.04
104,13,12.50,0.23,0.14,0.68,0.00,0.09
105,12,0.63,0.14,0.56,0.68,0.24,0.18
106,11,70.30,0.04,0.79,0.83,0.65,0.13
107,2,14.04,0.07,0.05,0.54,0.02,0.39
108,0,2.55,0.39,0.98,0.44,0.15,0.17
109,7,44.39,0.05,0.20,0.51,0.08,0.44
110,13,16.81,0.09,0.02,0.86,0.01,0.05
111,1,6.23,0.43,2.66,0.40,0.07,0.17
112,9,11.92,0.23,0.37,0.71,0.34,0.06
113,2,2.51,0.23,1.01,0.73,0.10,0.04
114,13,3.08,0.35,1.00,0.46,0.58,0.20
115,6,19.70,0.07,1.60,0.41,0.52,0.52
116,1,15.99,0.12,1.06,0.43,0.03,0.45
117,9,46.11,0.04,0.91,0.89,0.11,0.07
118,5,5.22,0.03,1.29,0.93,0.93,0.04
119,9,4.29,0.11,0.62,0.88,0.48,0.01
120,0,6.87,0.15,1.58,0.42,0.13,0.43
121,1,6.62,0.25,0.53,0.43,0.14,0.33
122,0,5.91,0.30,1.02,0.62,0.25,0.07
123,6,2.29,0.51,1.81,0.43,0.03,0.05
124,5,3.27,0.11,0.17,0.66,0.04,0.23
125,9,202.10,0.01,0.26,0.92,0.10,0.07
126,6,24.63,0.09,1.57,0.82,0.75,0.09
127,10,18.10,0.11,1.77,0.41,0.06,0.47
128,3,7.16,0.21,0.82,0.69,0.78,0.09
129,12,3.76,0.20,1.81,0.78,0.55,0.02
130,13,33.47,0.07,0.38,0.72,0.02,0.22
131,6,237.30,0.01,0.86,0.87,0.60,0.13
132,5,5.29,0.20,0.03,0.55,0.01,0.25
133,4,0.45,0.39,0.44,0.53,0.01,0.07
134,12,7.54,0.14,1.93,0.79,0.81,0.07
135,7,10.17,0.09,0.54,0.82,0.19,0.08
136,0,7.33,0.12,3.54,0.67,0.89,0.21
137,9,1.35,0.32,0.75,0.63,0.16,0.06
138,7,1.65,0.08,0.35,0.86,0.08,0.06
139,1,4.60,0.03,3.17,0.92,0.04,0.04
140,11,43.80,0.03,0.06,0.41,0.03,0.56
141,2,80.80,0.02,1.41,0.78,0.61,0.21
142,6,5.15,0.21,0.85,0.50,0.23,0.29
143,11,2.25,0.31,0.37,0.53,0.03,0.16
144,8,2.86,0.19,0.83,0.78,0.56,0.03
145,8,6.49,0.30,1.28,0.59,0.48,0.11
146,3,2.87,0.35,1.64,0.54,0.09,0.11
147,11,9.80,0.04,0.28,0.77,0.15,0.19
148,9,19.83,0.05,0.61,0.78,0.27,0.17
149,6,22.29,0.12,0.12,0.71,0.07,0.17
150,4,40.00,0.03,1.04,0.93,0.55,0.04
151,14,5.48,0.16,0.54,0.50,0.05,0.34
152,1,51.49,0.03,1.67,0.91,0.06,0.05
153,14,20.67,0.03,0.12,0.90,0.05,0.07
154,0,9.57,0.12,3.04,0.54,0.46,0.34
155,1,27.07,0.05,0.62,0.89,0.40,0.06
156,14,4.22,0.16,1.99,0.81,0.72,0.02
157,2,1.26,0.34,0.30,0.52,0.29,0.14
158,7,291.65,0.00,1.83,0.96,0.85,0.04
159,10,42.45,0.01,0.69,0.98,0.62,0.01
160,7,4.33,0.13,0.95,0.80,0.33,0.07
161,14,3842.50,0.00,0.27,1.00,0.03,0.00
162,8,4.64,0.21,0.20,0.55,0.13,0.24
163,4,6.06,0.47,1.11,0.47,0.34,0.05
164,13,3.11,0.19,2.33,0.72,0.22,0.09
165,13,35.94,0.03,2.54,0.74,0.43,0.24
166,14,2.99,0.28,0.60,0.55,0.29,0.17
167,7,133.58,0.01,1.66,0.95,0.94,0.04
168,12,3.45,0.13,0.24,0.87,0.10,0.01
169,14,3.21,0.42,0.21,0.44,0.13,0.14
170,7,5.13,0.29,0.66,0.59,0.46,0.13
171,0,6.34,0.34,0.54,0.59,0.46,0.06
172,4,688.27,0.00,0.31,1.00,0.20,0.00
173,6,141.77,0.02,0.92,0.94,0.80,0.05
174,12,6.99,0.24,0.08,0.72,0.07,0.04
175,0,12.06,0.20,1.26,0.61,0.25,0.19
176,1,25.41,0.11,0.95,0.77,0.94,0.12
177,11,110.33,0.02,1.13,0.98,0.90,0.01
178,10,2.78,0.08,1.15,0.89,0.03,0.03
179,5,13.18,0.06,1.24,0.82,0.76,0.12
180,2,5.81,0.09,3.61,0.68,0.13,0.23
181,5,3.02,0.28,1.22,0.67,0.83,0.05
182,7,57.24,0.04,1.30,0.83,0.85,0.13
183,10,8.73,0.10,0.22,0.72,0.01,0.18
184,12,85.99,0.03,0.93,0.90,0.91,0.07
185,12,12.30,0.05,3.86,0.66,0.97,0.29
186,4,2.58,0.24,0.42,0.73,0.08,0.03
187,3,3.36,0.18,2.93,0.73,0.87,0.09
188,10,10.07,0.11,5.90,0.41,0.61,0.48
189,13,65.20,0.01,2.78,0.96,0.26,0.03
190,6,11.54,0.23,1.21,0.66,0.34,0.10
191,8,38.80,0.06,0.49,0.93,0.25,0.01
192,6,118.78,0.01,0.07,0.87,0.01,0.12
193,0,15.59,0.09,0.32,0.90,0.17,0.01
194,4,6.63,0.06,0.45,0.53,0.12,0.41
195,13,2.35,0.38,1.10,0.60,0.51,0.01
196,9,7.54,0.06,1.28,0.93,0.74,0.00
197,8,8.91,0.03,1.44,0.67,0.18,0.31
198,11,5.90,0.02,2.25,0.93,0.77,0.05
199,4,1344.16,0.00,2.24,0.85,0.23,0.14
200,1,7.41,0.13,0.30,0.40,0.20,0.47

link
1,50
1,78
1,107
1,148
1,176
2,14
2,17
2,53
2,57
2,79
2,87
2,88
2,102
2,113
2,126
2,146
2,147
2,167
2,176
2,196
3,22
3,32
3,33
3,44
3,54
3,57
3,90
3,97
3,127
3,171
3,199
3,200
4,7
4,26
4,40
4,50
4,80
4,81
4,86
4,106
4,114
4,133
4,139
4,155
4,156
4,165
5,51
5,92
5,156
5,176
5,182
5,199
6,10
6,68
6,131
7,12
7,32
7,48
7,52
7,87
7,88
7,151
7,175
7,192
8,15
8,48
8,66
8,83
8,97
8,114
8,141
8,164
8,175
8,180
8,194
9,61
9,69
9,73
9,77
9,80
9,97
9,105
9,122
9,131
9,153
9,166
9,174
10,25
10,41
10,57
10,60
10,74
10,75
10,90
10,141
10,163
10,168
10,170
10,198
11,21
11,25
11,53
11,57
11,74
11,85
11,90
11,103
11,117
11,120
11,121
11,133
11,169
11,192
12,14
12,135
12,165
13,20
13,32
13,49
13,60
13,83
13,86
13,135
13,183
14,23
14,46
14,64
14,91
14,193
15,33
15,43
15,52
15,79
15,103
16,41
16,42
16,98
16,127
16,141
16,157
16,168
16,199
17,38
17,86
17,87
17,88
17,121
17,149
17,178
17,180
18,24
18,30
18,59
18,82
18,96
18,100
18,142
18,182
19,67
19,115
19,119
19,172
19,175
19,180
20,22
20,142
20,147
20,150
20,169
21,48
21,82
21,98
21,103
21,129
21,144
21,147
22,27
22,70
22,77
22,90
22,92
22,115
22,116
22,161
22,164
22,175
23,35
23,102
23,120
23,126
23,152
23,184
24,25
24,29
24,37
24,72
24,90
24,140
24,144
24,164
24,165
24,196
25,31
25,65
25,71
25,114
25,118
25,142
25,161
25,181
26,56
26,84
26,87
26,138
26,157
26,183
26,194
26,197
27,60
27,65
27,68
27,72
27,88
27,102
27,136
27,167
27,177
27,187
28,42
28,60
28,63
28,64
28,87
28,89
28,124
28,137
28,170
28,172
29,31
29,36
29,45
29,75
29,103
29,111
29,122
29,127
29,142
29,155
29,185
30,40
30,46
30,101
30,108
30,109
30,149
30,185
30,192
31,80
31,115
31,132
31,133
31,148
31,154
32,34
32,42
32,51
32,80
32,83
32,96
32,110
32,184
33,43
33,45
33,83
33,122
33,143
34,77
34,104
34,117
34,123
34,129
34,146
34,152
34,179
35,47
35,68
35,88
36,40
36,46
36,57
36,62
36,77
36,103
36,117
36,167
36,179
36,181
36,183
36,185
36,186
37,43
37,78
37,87
37,99
37,138
37,145
37,150
37,159
37,162
37,172
37,175
37,196
38,47
38,64
38,69
38,92
38,110
38,113
38,121
38,129
38,144
38,164
38,175
38,185
39,68
39,86
39,97
39,132
39,151
39,198
40,131
40,148
40,194
40,196
41,43
41,44
41,56
41,82
41,96
41,106
41,136
41,141
42,45
42,91
42,110
42,113
42,121
42,128
42,136
42,174
42,179
42,190
43,82
43,124
43,154
43,200
44,54
44,92
44,106
44,128
44,131
44,133
44,138
44,143
44,148
44,168
44,180
45,64
45,93
45,170
45,177
46,47
46,58
46,92
46,106
46,119
46,123
46,129
46,131
46,173
46,174
46,187
46,188
46,189
47,55
47,109
47,141
47,160
47,162
47,192
48,91
48,130
48,134
48,155
48,166
48,193
49,54
49,59
49,73
49,86
49,124
49,187
50,52
50,88
50,113
50,137
50,143
50,151
50,183
51,63
51,66
51,84
51,100
51,119
52,120
52,168
52,175
52,188
53,54
53,92
53,122
53,180
53,184
53,197
54,86
54,95
54,106
55,72
55,146
55,165
55,170
55,185
55,189
56,58
56,60
56,64
56,95
56,117
56,168
56,173
56,177
57,78
57,83
57,100
57,151
57,181
57,192
58,90
58,106
58,118
58,152
58,198
59,65
59,69
59,94
59,146
59,173
59,180
59,183
59,194
60,70
60,99
60,105
60,136
60,159
60,199
61,76
61,82
61,99
61,102
61,132
61,140
61,165
61,200
62,100
62,106
62,136
62,157
62,193
63,67
63,81
63,83
63,87
63,169
64,80
64,118
64,130
64,142
64,147
64,148
64,151
64,185
65,76
65,79
65,104
65,125
65,129
65,158
65,159
65,174
66,73
66,75
66,108
66,113
66,150
66,153
67,102
67,103
67,117
67,121
67,150
67,152
67,166
67,170
67,194
68,82
68,88
68,101
68,123
68,156
69,72
69,110
69,114
69,124
69,133
69,166
69,179
70,98
70,112
70,115
70,138
70,148
70,150
70,151
70,154
70,155
70,168
70,177
71,85
71,87
71,93
71,96
71,97
71,158
71,164
72,94
72,100
72,111
72,132
72,146
72,183
73,93
73,122
73,125
73,187
73,199
74,80
74,95
74,96
74,120
74,146
74,148
74,166
74,180
75,95
75,138
75,146
75,154
75,187
76,79
76,156
76,163
76,175
76,184
77,78
77,80
77,93
78,82
78,142
78,152
78,158
79,85
79,106
79,123
79,175
79,179
79,195
80,107
80,123
80,130
80,136
80,200
81,98
81,144
81,160
81,163
81,170
81,181
81,195
82,108
82,136
82,144
82,148
82,175
82,192
82,193
82,195
83,103
83,131
83,169
83,180
83,197
84,90
84,144
84,155
84,163
84,188
84,196
84,197
85,96
85,102
85,121
85,188
86,178
86,182
86,194
87,96
87,98
87,101
87,106
87,119
87,124
87,137
87,152
88,90
88,100
88,173
88,177
88,186
88,191
89,98
89,127
89,133
89,155
89,194
90,93
90,166
90,178
90,196
91,93
91,128
91,165
92,111
92,119
92,121
92,137
92,141
92,145
92,151
92,179
93,120
93,125
93,145
93,167
93,185
93,197
94,142
94,148
94,153
94,170
94,173
94,182
94,183
94,199
95,107
95,111
95,126
95,132
95,143
95,155
95,187
96,101
96,167
96,169
96,174
96,179
97,106
97,138
97,142
97,167
97,171
97,176
98,117
98,123
98,161
98,173
99,107
99,110
99,111
99,118
99,119
99,123
99,141
99,143
99,151
99,163
99,164
100,127
100,150
100,152
100,157
100,186
101,115
101,151
101,174
101,180
102,106
102,161
102,167
102,168
102,180
102,193
103,105
103,125
103,142
103,144
103,164
103,169
103,177
104,129
104,177
104,183
104,191
105,115
105,118
105,191
105,195
106,107
106,137
106,166
106,171
106,179
106,200
107,159
107,167
107,168
107,177
107,181
108,131
108,139
108,171
108,179
109,110
109,112
109,137
109,200
110,111
110,131
110,145
110,174
110,179
111,130
111,139
111,144
111,151
111,154
111,180
111,183
111,185
112,136
112,142
112,159
112,160
112,169
113,116
113,121
113,131
113,136
113,158
113,168
113,174
113,180
114,120
114,124
114,181
115,162
115,172
116,117
116,131
116,161
117,153
117,163
117,168
117,170
118,160
118,192
119,155
119,168
120,131
120,141
120,146
120,153
121,122
121,129
121,158
121,161
121,182
122,136
122,163
122,181
123,149
123,167
123,176
123,188
123,189
123,193
124,142
124,149
124,151
124,164
124,187
125,133
125,142
125,152
125,190
126,139
126,142
126,143
126,154
126,157
127,138
127,162
127,193
128,139
129,152
129,159
130,144
130,154
131,158
131,165
131,194
132,145
132,147
132,148
133,136
133,138
133,193
134,163
134,167
134,171
135,167
135,186
135,189
135,192
136,137
136,191
137,153
137,192
138,140
138,142
138,174
139,152
139,171
139,181
140,148
140,157
140,167
140,168
140,177
141,157
141,168
141,192
142,162
142,182
143,145
143,199
144,147
144,149
144,155
144,167
144,169
144,173
145,150
145,177
145,196
146,164
146,176
147,155
147,165
147,167
147,190
148,166
148,185
148,195
149,158
149,170
150,178
150,194
151,179
152,158
152,188
153,169
153,172
154,157
154,185
155,181
155,191
157,169
157,180
158,168
158,169
161,174
161,175
163,176
163,179
163,181
164,197
164,199
165,193
165,199
166,176
166,193
167,180
167,193
167,199
168,173
168,176
168,178
169,172
169,177
169,190
169,198
170,186
170,192
170,193
170,196
171,174
171,193
172,178
172,186
172,193
172,197
173,182
174,183
174,196
175,185
175,188
176,197
177,183
178,198
179,180
179,189
181,183
181,197
184,191
184,193
185,187
186,192
189,197
189,199
189,200
193,198