gamble
1,7,3.33,0.12,0.08,0.73,0.04,0.16
2,12,5.96,0.21,1.60,0.51,0.44,0.28
3,12,8.14,0.27,1.28,0.68,0.28,0.05
4,2,31.19,0.02,1.31,0.96,0.00,0.02
5,10,2.06,0.53,0.44,0.41,0.10,0.06
6,11,2.68,0.16,1.45,0.66,0.37,0.18
7,11,13.44,0.17,0.45,0.62,0.43,0.21
8,5,3.07,0.28,2.39,0.54,0.43,0.18
9,2,20.44,0.01,2.24,0.95,0.98,0.04
10,7,12.18,0.22,0.52,0.42,0.17,0.36
11,2,5.32,0.08,0.21,0.47,0.20,0.46
12,5,6.16,0.20,0.72,0.62,0.27,0.18
13,8,679.13,0.00,0.15,0.96,0.04,0.04
14,1,18.91,0.05,3.04,0.76,0.09,0.19
15,7,2.94,0.34,0.28,0.40,0.00,0.25
16,6,17.59,0.16,0.87,0.77,0.84,0.07
17,6,3.40,0.41,1.20,0.49,0.53,0.10
18,12,23.47,0.03,0.39,0.74,0.30,0.23
19,14,52.77,0.05,1.25,0.94,0.99,0.02
20,9,197.03,0.00,0.89,0.92,0.64,0.08
21,13,21.63,0.06,2.42,0.77,0.19,0.17
22,2,59.40,0.04,0.23,0.93,0.01,0.03
23,0,26.42,0.02,2.21,0.69,0.31,0.29
24,14,11.20,0.11,0.13,0.85,0.06,0.04
25,13,6.36,0.07,0.87,0.79,0.10,0.14
26,3,25.47,0.07,0.27,0.74,0.09,0.19
27,8,4.41,0.27,1.96,0.54,0.33,0.19
28,13,2.23,0.19,1.37,0.69,0.04,0.12
29,0,1.76,0.39,0.26,0.60,0.07,0.01
30,8,4.60,0.37,2.95,0.55,0.70,0.08
31,3,117.79,0.02,2.09,0.53,0.11,0.45
32,10,62.23,0.01,0.26,0.88,0.01,0.11
33,10,30.55,0.02,0.00,0.71,0.00,0.27
34,1,3.58,0.09,0.49,0.80,0.23,0.11
35,10,13.35,0.17,1.18,0.82,0.23,0.00
36,1,34.22,0.07,1.02,0.93,0.26,0.00
37,2,112.14,0.00,0.09,0.93,0.02,0.06
38,4,7.69,0.19,0.07,0.71,0.07,0.10
39,0,22.11,0.02,0.91,0.93,0.10,0.05
40,7,319.30,0.01,0.28,0.96,0.04,0.03
41,9,24.23,0.10,0.51,0.89,0.33,0.02
42,3,4.21,0.30,2.84,0.67,0.26,0.02
43,1,3.40,0.18,2.88,0.80,0.34,0.02
44,2,39.34,0.07,0.96,0.65,0.35,0.28
45,2,22.62,0.12,0.18,0.87,0.03,0.01
46,1,23.56,0.10,0.94,0.88,0.66,0.02
47,3,17.43,0.05,0.40,0.93,0.37,0.02
48,6,2.49,0.26,0.16,0.69,0.11,0.05
49,13,5.47,0.14,0.19,0.86,0.10,0.00
50,14,21.27,0.05,1.36,0.94,0.19,0.00
51,6,9.00,0.05,0.88,0.85,0.28,0.10
52,1,14.72,0.11,0.69,0.64,0.38,0.25
53,14,16.98,0.20,0.39,0.51,0.01,0.29
54,11,22.53,0.13,0.61,0.46,0.08,0.41
55,11,7.92,0.03,0.78,0.96,0.74,0.00
56,9,4.82,0.05,0.84,0.91,0.68,0.04
57,11,2.86,0.29,0.07,0.68,0.01,0.04
58,10,27.10,0.08,0.77,0.64,0.33,0.27
59,14,13.95,0.05,0.24,0.72,0.15,0.23
60,13,0.96,0.10,0.93,0.67,0.03,0.23
61,14,5.54,0.40,0.45,0.41,0.13,0.20
62,13,32.55,0.08,1.09,0.84,0.91,0.07
63,4,34.39,0.00,0.77,1.00,0.06,0.00
64,2,18.76,0.01,0.62,0.99,0.15,0.00
65,10,20.61,0.07,2.45,0.81,0.92,0.12
66,13,5.11,0.14,0.68,0.70,0.03,0.16
67,5,4.21,0.06,0.55,0.90,0.38,0.04
68,8,1.20,0.22,0.36,0.52,0.33,0.26
69,9,3.96,0.49,0.64,0.42,0.62,0.09
70,2,17.32,0.09,0.15,0.77,0.15,0.14
71,9,3.12,0.15,1.81,0.82,0.62,0.03
72,1,2.67,0.12,2.09,0.85,0.95,0.03
73,2,111.36,0.01,0.52,0.94,0.08,0.06
74,11,8.57,0.27,1.80,0.42,0.82,0.32
75,10,22.26,0.15,0.37,0.81,0.11,0.04
76,8,2.25,0.25,2.18,0.74,0.58,0.01
77,8,1.94,0.40,1.77,0.45,0.02,0.15
78,10,1.19,0.23,0.39,0.74,0.03,0.03
79,13,51.65,0.03,1.18,0.69,0.31,0.28
80,7,6.75,0.06,0.30,0.83,0.02,0.11
81,12,15.57,0.21,0.50,0.59,0.18,0.20
82,3,28.22,0.07,1.66,0.72,0.20,0.21
83,13,217.13,0.00,4.93,0.63,0.21,0.37
84,3,164.44,0.01,0.37,0.99,0.28,0.00
85,11,5.38,0.17,0.51,0.57,0.10,0.26
86,6,6.41,0.10,0.08,0.68,0.03,0.22
87,13,1.97,0.29,0.84,0.63,0.12,0.08
88,13,6.42,0.45,0.86,0.45,0.64,0.10
89,7,4.41,0.07,0.64,0.90,0.26,0.03
90,0,4.53,0.21,1.40,0.71,0.55,0.08
91,3,6.37,0.25,1.01,0.68,0.79,0.07
92,0,5.21,0.40,0.89,0.60,0.58,0.00
93,1,1.75,0.49,0.76,0.51,0.61,0.00
94,8,187.21,0.01,0.61,0.97,0.08,0.02
95,1,124.90,0.02,0.15,0.82,0.09,0.16
96,4,53.14,0.02,1.56,0.81,0.61,0.17
97,6,13.66,0.06,2.71,0.47,0.90,0.47
98,6,4.78,0.27,0.91,0.50,0.54,0.24
99,5,2.42,0.18,1.11,0.80,0.61,0.02
100,11,6.30,0.29,0.56,0.46,0.54,0.25
101,14,3.68,0.50,1.91,0.40,0.91,0.10
102,8,13.47,0.13,0.88,0.87,0.34,0.01
103,10,7.28,0.07,0.46,0.54,0.27,0.39
104,12,17.87,0.08,0.25,0.86,0.05,0.06
105,1,3.99,0.10,0.44,0.67,0.06,0.23
106,6,43.72,0.01,0.01,0.94,0.00,0.05
107,7,20.83,0.10,2.12,0.65,0.27,0.25
108,11,6.23,0.16,0.18,0.67,0.08,0.17
109,8,7.18,0.03,0.43,0.52,0.03,0.45
110,14,248.03,0.01,0.58,0.80,0.19,0.19
111,7,6.32,0.15,1.73,0.82,0.56,0.03
112,12,4.65,0.12,0.24,0.80,0.00,0.08
113,1,7.77,0.03,0.30,0.91,0.11,0.06
114,12,27.00,0.06,0.49,0.76,0.43,0.18
115,2,8.33,0.04,1.48,0.96,0.62,0.00
116,6,2.55,0.38,0.44,0.52,0.33,0.10
117,13,2.05,0.11,0.88,0.89,0.25,0.00
118,4,7.07,0.29,0.65,0.65,0.16,0.06
119,13,38.42,0.06,1.74,0.63,0.36,0.31
120,9,7.71,0.18,1.83,0.61,0.06,0.21
121,12,132.50,0.02,0.79,0.83,0.15,0.15
122,9,11.54,0.09,1.04,0.82,0.02,0.08
123,14,4.95,0.16,2.52,0.56,0.93,0.28
124,4,3.41,0.23,2.10,0.68,0.39,0.09
125,0,719.25,0.00,0.51,0.40,0.03,0.60
126,1,4.90,0.20,2.06,0.70,0.92,0.10
127,13,3.82,0.43,0.55,0.50,0.35,0.07
128,12,3.91,0.12,0.91,0.52,0.54,0.36
129,4,1.45,0.27,1.39,0.60,0.34,0.13
130,9,1.02,0.32,0.45,0.50,0.25,0.18
131,1,36.23,0.09,0.29,0.79,0.25,0.12
132,3,17.54,0.10,0.58,0.70,0.09,0.20
133,5,2.82,0.19,1.06,0.73,0.39,0.08
134,9,4.99,0.09,1.17,0.86,0.86,0.04
135,1,12.55,0.12,1.85,0.72,0.59,0.16
136,10,2.36,0.40,0.47,0.59,0.11,0.01
137,8,0.68,0.08,0.63,0.86,0.39,0.05
138,1,17.39,0.18,0.40,0.67,0.07,0.15
139,4,54.15,0.01,0.32,0.94,0.24,0.06
140,9,10.04,0.17,0.36,0.48,0.26,0.34
141,12,18.77,0.08,2.19,0.86,0.64,0.06
142,12,18.70,0.08,0.76,0.84,0.02,0.08
143,6,306.95,0.01,0.41,0.95,0.27,0.04
144,0,14.27,0.16,0.44,0.82,0.20,0.02
145,14,64.56,0.03,1.38,0.89,0.39,0.08
146,6,4.05,0.29,3.84,0.58,0.23,0.13
147,0,3.12,0.46,0.68,0.51,0.15,0.03
148,0,577.25,0.00,0.87,0.95,0.47,0.05
149,9,9.41,0.05,0.41,0.48,0.27,0.48
150,13,29.23,0.04,0.45,0.84,0.21,0.11
151,6,3.51,0.26,2.97,0.55,0.49,0.19
152,2,2.36,0.14,1.06,0.82,0.17,0.04
153,14,8.08,0.21,2.88,0.60,0.01,0.18
154,13,49.35,0.02,0.42,0.83,0.36,0.15
155,5,3.48,0.27,1.95,0.55,0.72,0.18
156,7,10.32,0.31,0.06,0.53,0.03,0.16
157,4,25.89,0.05,2.09,0.63,0.62,0.32
158,12,3.28,0.25,2.55,0.52,0.62,0.23
159,7,36.75,0.02,0.02,0.93,0.01,0.05
160,1,3.10,0.38,0.62,0.44,0.38,0.18
161,10,13.06,0.09,1.28,0.75,0.99,0.16
162,3,9.48,0.07,0.04,0.65,0.01,0.28
163,11,25.26,0.03,2.40,0.86,0.44,0.10
164,5,89.16,0.02,0.56,0.94,0.44,0.04
165,3,201.34,0.01,1.99,0.76,0.99,0.23
166,7,6.61,0.05,0.21,0.91,0.16,0.05
167,7,4.81,0.30,2.00,0.52,0.88,0.18
168,1,24.74,0.05,0.60,0.90,0.40,0.05
169,2,27.54,0.06,2.30,0.75,0.51,0.19
170,9,20.33,0.09,3.26,0.51,0.14,0.40
171,6,2511.58,0.00,0.64,0.72,0.55,0.28
172,1,7.02,0.34,0.31,0.61,0.17,0.05
173,14,11.90,0.12,0.07,0.77,0.00,0.11
174,6,112.19,0.00,0.47,0.82,0.15,0.17
175,10,13.80,0.15,0.58,0.78,0.29,0.07
176,14,3.89,0.14,1.36,0.45,0.60,0.41
177,8,103.75,0.02,0.42,0.65,0.31,0.33
178,9,10.07,0.05,0.87,0.59,0.67,0.35
179,7,4.71,0.40,2.47,0.56,0.03,0.04
180,9,92.70,0.01,1.50,0.99,0.67,0.01
181,14,3.12,0.17,2.35,0.64,0.46,0.19
182,2,2.80,0.35,0.59,0.42,0.48,0.24
183,8,58.51,0.04,1.49,0.88,0.39,0.08
184,0,6.31,0.04,0.67,0.61,0.23,0.35
185,1,2.17,0.43,0.74,0.47,0.18,0.11
186,10,21.42,0.10,0.12,0.65,0.04,0.25
187,2,1.29,0.17,0.46,0.69,0.29,0.14
188,6,14.14,0.14,1.69,0.84,0.85,0.02
189,3,55.62,0.01,0.61,0.75,0.38,0.24
190,10,119.71,0.02,0.93,0.95,0.26,0.03
191,7,7.44,0.29,1.15,0.59,0.65,0.12
192,5,28.63,0.08,0.46,0.52,0.18,0.40
193,11,24.74,0.01,0.27,0.81,0.16,0.18
194,1,64.31,0.01,0.81,0.89,0.21,0.10
195,7,5.03,0.42,2.73,0.44,0.10,0.14
196,2,8.21,0.02,1.60,0.91,0.17,0.07
197,6,13.22,0.03,0.31,0.93,0.12,0.04
198,14,4.81,0.38,0.61,0.54,0.39,0.08
199,11,2.37,0.06,0.47,0.60,0.24,0.34
200,11,5.88,0.19,0.13,0.70,0.12,0.12

link
1,2
1,12
1,17
1,20
1,22
1,25
1,30
1,37
1,46
1,61
1,65
1,69
1,70
1,72
1,75
1,77
1,80
1,81
1,82
1,93
1,97
1,98
1,112
1,115
1,117
1,122
1,124
1,129
1,144
1,147
1,149
1,163
1,167
1,168
1,170
1,178
1,186
1,187
1,191
1,193
1,194
1,195
2,7
2,9
2,10
2,13
2,16
2,19
2,27
2,35
2,42
2,47
2,51
2,54
2,56
2,59
2,64
2,87
2,90
2,92
2,104
2,107
2,112
2,114
2,116
2,121
2,123
2,128
2,129
2,134
2,141
2,142
2,143
2,144
2,146
2,159
2,161
2,162
2,169
2,173
2,175
2,180
2,182
2,186
2,190
2,191
2,195
2,199
3,17
3,27
3,30
3,32
3,34
3,36
3,38
3,39
3,66
3,67
3,69
3,78
3,82
3,92
3,94
3,95
3,96
3,98
3,102
3,108
3,116
3,117
3,118
3,120
3,123
3,128
3,130
3,131
3,150
3,155
3,156
3,158
3,166
3,183
3,190
3,194
4,12
4,17
4,20
4,23
4,26
4,49
4,53
4,56
4,61
4,68
4,69
4,70
4,79
4,82
4,88
4,89
4,90
4,92
4,93
4,95
4,96
4,99
4,100
4,104
4,105
4,108
4,110
4,119
4,120
4,124
4,127
4,128
4,130
4,131
4,132
4,143
4,146
4,149
4,150
4,161
4,162
4,165
4,174
4,177
4,178
4,181
4,184
4,196
4,197
5,7
5,8
5,12
5,13
5,15
5,20
5,21
5,23
5,26
5,30
5,31
5,40
5,42
5,47
5,49
5,54
5,55
5,56
5,62
5,66
5,74
5,84
5,85
5,86
5,90
5,99
5,102
5,104
5,106
5,117
5,128
5,131
5,140
5,141
5,148
5,157
5,161
5,163
5,167
5,170
5,171
5,177
5,178
5,186
5,194
5,196
6,11
6,14
6,17
6,18
6,19
6,20
6,24
6,25
6,27
6,34
6,35
6,38
6,46
6,51
6,52
6,55
6,70
6,82
6,86
6,88
6,101
6,112
6,113
6,129
6,132
6,151
6,152
6,154
6,157
6,158
6,161
6,163
6,170
6,181
6,182
6,184
6,186
6,191
6,195
6,199
7,14
7,26
7,27
7,28
7,29
7,30
7,32
7,39
7,46
7,54
7,56
7,61
7,75
7,86
7,89
7,93
7,95
7,97
7,101
7,107
7,113
7,115
7,124
7,125
7,127
7,131
7,138
7,145
7,152
7,153
7,162
7,168
7,169
7,176
7,181
7,182
7,185
7,190
7,191
7,197
7,198
7,199
8,18
8,24
8,28
8,29
8,34
8,61
8,63
8,64
8,71
8,73
8,81
8,83
8,87
8,88
8,89
8,98
8,102
8,104
8,112
8,117
8,118
8,119
8,128
8,132
8,135
8,141
8,143
8,151
8,153
8,174
8,180
8,183
8,184
8,188
8,191
8,195
8,198
8,200
9,14
9,16
9,22
9,25
9,32
9,33
9,44
9,48
9,54
9,55
9,61
9,73
9,77
9,86
9,89
9,90
9,98
9,107
9,115
9,116
9,118
9,123
9,125
9,126
9,133
9,135
9,149
9,151
9,152
9,154
9,159
9,164
9,169
9,179
9,180
9,183
9,189
9,190
10,15
10,24
10,26
10,28
10,38
10,50
10,51
10,55
10,56
10,57
10,64
10,75
10,78
10,79
10,82
10,88
10,92
10,105
10,108
10,109
10,112
10,115
10,132
10,149
10,154
10,155
10,158
10,164
10,172
10,174
10,179
10,180
10,186
10,187
10,193
11,12
11,15
11,17
11,27
11,28
11,33
11,34
11,42
11,49
11,50
11,51
11,53
11,54
11,56
11,67
11,70
11,72
11,82
11,88
11,99
11,107
11,111
11,115
11,117
11,123
11,128
11,133
11,134
11,135
11,147
11,154
11,159
11,173
11,178
11,184
11,186
11,190
11,194
11,195
11,196
11,197
12,14
12,16
12,19
12,20
12,29
12,38
12,41
12,44
12,46
12,47
12,49
12,52
12,58
12,64
12,68
12,84
12,85
12,86
12,92
12,105
12,106
12,107
12,122
12,124
12,129
12,131
12,137
12,141
12,154
12,164
12,173
12,174
12,178
12,180
12,182
12,189
12,198
13,15
13,24
13,25
13,33
13,46
13,58
13,62
13,63
13,76
13,78
13,81
13,86
13,87
13,89
13,93
13,98
13,105
13,106
13,107
13,109
13,111
13,114
13,117
13,123
13,127
13,129
13,130
13,131
13,133
13,134
13,137
13,139
13,144
13,160
13,171
13,179
13,182
13,185
13,189
13,195
13,196
14,18
14,26
14,32
14,36
14,40
14,43
14,53
14,54
14,60
14,67
14,78
14,85
14,86
14,98
14,115
14,132
14,133
14,142
14,146
14,147
14,155
14,163
14,172
14,176
14,189
14,191
14,193
15,16
15,21
15,23
15,25
15,32
15,40
15,42
15,44
15,46
15,49
15,50
15,58
15,61
15,62
15,67
15,70
15,71
15,72
15,79
15,81
15,85
15,95
15,96
15,98
15,111
15,121
15,122
15,126
15,128
15,129
15,133
15,134
15,136
15,144
15,154
15,155
15,157
15,161
15,165
15,186
15,189
15,191
15,199
15,200
16,33
16,34
16,38
16,50
16,54
16,66
16,73
16,75
16,78
16,82
16,88
16,93
16,101
16,106
16,111
16,118
16,125
16,132
16,134
16,145
16,151
16,154
16,165
16,168
16,170
16,188
16,191
16,192
16,193
16,199
17,23
17,27
17,31
17,37
17,38
17,39
17,45
17,46
17,66
17,87
17,95
17,96
17,97
17,101
17,103
17,113
17,125
17,128
17,134
17,137
17,139
17,140
17,144
17,146
17,147
17,149
17,154
17,157
17,162
17,164
17,172
17,174
17,180
17,189
17,191
17,196
17,198
17,199
18,26
18,29
18,30
18,33
18,43
18,51
18,56
18,62
18,68
18,72
18,78
18,94
18,97
18,100
18,106
18,114
18,132
18,133
18,134
18,141
18,150
18,151
18,156
18,163
18,165
18,179
18,182
18,188
18,192
18,195
19,20
19,27
19,29
19,41
19,42
19,43
19,44
19,47
19,50
19,52
19,53
19,54
19,62
19,69
19,71
19,97
19,108
19,112
19,113
19,116
19,119
19,128
19,134
19,135
19,137
19,138
19,146
19,148
19,150
19,151
19,153
19,157
19,158
19,163
19,164
19,166
19,169
19,185
19,186
19,187
20,24
20,27
20,28
20,31
20,37
20,43
20,45
20,55
20,59
20,64
20,65
20,66
20,83
20,85
20,91
20,98
20,104
20,107
20,108
20,111
20,118
20,121
20,123
20,128
20,131
20,132
20,141
20,142
20,144
20,152
20,153
20,163
20,164
20,171
20,179
20,183
20,196
21,22
21,24
21,28
21,41
21,45
21,50
21,52
21,55
21,59
21,63
21,64
21,66
21,69
21,76
21,78
21,82
21,83
21,86
21,106
21,114
21,115
21,117
21,118
21,121
21,123
21,125
21,127
21,140
21,154
21,157
21,166
21,170
21,173
21,176
21,180
21,181
21,182
21,194
21,198
21,200
22,41
22,62
22,67
22,68
22,70
22,81
22,84
22,85
22,92
22,96
22,109
22,114
22,116
22,117
22,121
22,123
22,125
22,126
22,128
22,133
22,141
22,146
22,149
22,160
22,161
22,164
22,165
22,172
22,178
22,181
22,196
23,26
23,27
23,40
23,45
23,49
23,53
23,55
23,56
23,58
23,73
23,79
23,84
23,86
23,96
23,109
23,110
23,114
23,122
23,123
23,129
23,132
23,145
23,147
23,149
23,156
23,168
23,181
23,182
23,185
23,193
23,195
23,196
24,38
24,41
24,44
24,50
24,58
24,65
24,69
24,75
24,80
24,82
24,84
24,85
24,92
24,95
24,112
24,114
24,119
24,130
24,132
24,145
24,150
24,153
24,166
24,168
24,172
24,186
24,187
24,192
24,193
24,195
24,200
25,32
25,38
25,44
25,48
25,55
25,58
25,64
25,69
25,76
25,81
25,86
25,92
25,115
25,116
25,128
25,131
25,137
25,138
25,141
25,144
25,154
25,161
25,164
25,166
25,170
25,175
25,177
25,183
25,185
25,187
25,188
25,199
25,200
26,30
26,32
26,34
26,38
26,39
26,43
26,58
26,60
26,64
26,67
26,85
26,86
26,90
26,91
26,92
26,104
26,112
26,116
26,131
26,134
26,141
26,143
26,152
26,153
26,158
26,163
26,166
26,175
27,29
27,30
27,32
27,39
27,49
27,50
27,59
27,73
27,75
27,85
27,90
27,91
27,96
27,103
27,111
27,120
27,127
27,128
27,132
27,134
27,143
27,149
27,155
27,156
27,162
27,167
27,174
27,179
27,180
27,183
27,195
27,196
27,199
28,32
28,37
28,39
28,41
28,43
28,44
28,49
28,51
28,55
28,57
28,63
28,64
28,65
28,70
28,80
28,83
28,89
28,91
28,94
28,98
28,103
28,104
28,109
28,111
28,113
28,116
28,125
28,130
28,137
28,139
28,142
28,164
28,176
28,179
28,180
28,184
28,194
28,198
28,200
29,32
29,36
29,39
29,42
29,47
29,49
29,53
29,54
29,60
29,61
29,64
29,71
29,73
29,89
29,92
29,94
29,97
29,105
29,111
29,112
29,116
29,120
29,125
29,129
29,137
29,139
29,147
29,149
29,151
29,157
29,160
29,166
29,167
29,173
29,174
29,175
29,187
29,190
29,193
29,200
30,46
30,52
30,55
30,57
30,62
30,68
30,69
30,71
30,74
30,75
30,78
30,98
30,99
30,109
30,122
30,126
30,131
30,133
30,134
30,136
30,137
30,139
30,144
30,148
30,158
30,161
30,165
30,167
30,171
30,173
30,179
30,180
30,181
30,186
30,187
30,192
30,199
30,200
31,33
31,35
31,45
31,52
31,53
31,63
31,65
31,75
31,99
31,105
31,106
31,110
31,122
31,126
31,127
31,136
31,139
31,141
31,152
31,155
31,164
31,165
31,168
31,170
31,171
31,172
31,182
31,183
31,184
31,189
31,196
31,198
32,35
32,42
32,58
32,60
32,67
32,73
32,74
32,76
32,85
32,87
32,90
32,91
32,106
32,109
32,111
32,116
32,122
32,133
32,134
32,136
32,138
32,139
32,146
32,149
32,157
32,159
32,169
32,172
32,179
32,180
32,182
32,186
32,191
32,197
33,39
33,40
33,61
33,62
33,69
33,75
33,84
33,86
33,90
33,92
33,96
33,101
33,105
33,110
33,135
33,146
33,161
33,165
33,181
33,187
33,189
33,191
33,194
33,200
34,39
34,61
34,63
34,69
34,71
34,74
34,76
34,82
34,86
34,90
34,91
34,92
34,93
34,100
34,109
34,110
34,111
34,116
34,123
34,127
34,131
34,133
34,136
34,143
34,146
34,160
34,161
34,164
34,167
34,188
34,200
35,39
35,40
35,43
35,44
35,49
35,50
35,63
35,67
35,72
35,73
35,80
35,81
35,88
35,93
35,94
35,96
35,97
35,98
35,100
35,106
35,111
35,114
35,117
35,119
35,121
35,133
35,137
35,147
35,153
35,156
35,157
35,162
35,170
35,171
35,192
35,193
36,38
36,40
36,42
36,44
36,46
36,51
36,52
36,57
36,61
36,63
36,64
36,69
36,70
36,79
36,83
36,85
36,88
36,89
36,90
36,98
36,102
36,103
36,107
36,116
36,120
36,121
36,124
36,125
36,126
36,128
36,138
36,144
36,147
36,152
36,165
36,167
36,170
36,171
36,176
36,180
36,184
36,185
36,189
36,192
37,39
37,42
37,43
37,51
37,53
37,54
37,59
37,62
37,68
37,83
37,85
37,93
37,94
37,96
37,102
37,107
37,110
37,113
37,117
37,119
37,123
37,124
37,137
37,146
37,148
37,150
37,151
37,154
37,156
37,158
37,162
37,165
37,173
37,178
37,183
37,194
37,198
38,44
38,45
38,49
38,53
38,61
38,63
38,65
38,69
38,70
38,75
38,79
38,84
38,86
38,95
38,107
38,119
38,122
38,124
38,126
38,127
38,130
38,135
38,136
38,143
38,149
38,164
38,170
38,177
38,179
38,182
38,184
38,193
38,196
38,198
38,200
39,41
39,42
39,62
39,65
39,66
39,68
39,70
39,79
39,85
39,88
39,89
39,94
39,95
39,96
39,100
39,101
39,103
39,107
39,111
39,112
39,118
39,129
39,130
39,139
39,142
39,157
39,160
39,162
39,165
39,167
39,172
39,177
39,180
39,184
39,190
39,191
39,193
39,198
39,199
40,50
40,53
40,54
40,61
40,62
40,76
40,78
40,82
40,88
40,92
40,96
40,99
40,102
40,104
40,106
40,111
40,114
40,131
40,132
40,138
40,139
40,146
40,148
40,166
40,171
40,174
40,176
40,178
40,190
40,191
40,193
40,198
41,42
41,43
41,44
41,46
41,47
41,49
41,53
41,71
41,73
41,77
41,86
41,88
41,89
41,132
41,135
41,137
41,147
41,154
41,172
41,183
41,195
41,196
42,44
42,51
42,52
42,53
42,54
42,63
42,66
42,85
42,87
42,88
42,95
42,98
42,100
42,102
42,107
42,110
42,117
42,118
42,123
42,128
42,130
42,131
42,134
42,135
42,141
42,148
42,151
42,152
42,154
42,156
42,164
42,175
42,182
43,55
43,64
43,65
43,66
43,68
43,69
43,77
43,80
43,83
43,88
43,93
43,100
43,102
43,127
43,130
43,138
43,140
43,148
43,150
43,152
43,158
43,160
43,162
43,163
43,171
43,175
43,176
43,178
44,46
44,48
44,51
44,52
44,54
44,61
44,65
44,68
44,76
44,88
44,89
44,101
44,105
44,109
44,113
44,116
44,118
44,122
44,124
44,125
44,126
44,127
44,131
44,140
44,145
44,152
44,158
44,173
44,181
44,183
44,197
44,200
45,47
45,55
45,60
45,70
45,75
45,76
45,88
45,90
45,92
45,95
45,96
45,98
45,102
45,103
45,104
45,106
45,113
45,117
45,118
45,120
45,122
45,134
45,135
45,136
45,139
45,140
45,145
45,146
45,155
45,165
45,166
45,170
45,172
45,174
45,178
45,180
45,182
45,183
45,185
45,188
45,193
45,194
45,199
46,51
46,55
46,56
46,57
46,62
46,68
46,69
46,76
46,79
46,89
46,98
46,103
46,105
46,107
46,109
46,115
46,125
46,131
46,139
46,143
46,147
46,150
46,157
46,161
46,164
46,169
46,172
46,185
46,190
47,52
47,53
47,61
47,67
47,71
47,77
47,80
47,86
47,90
47,92
47,98
47,100
47,101
47,102
47,106
47,108
47,110
47,117
47,121
47,139
47,141
47,142
47,149
47,155
47,156
47,160
47,169
47,170
47,175
47,179
47,184
47,185
47,189
47,196
47,197
47,198
48,53
48,59
48,62
48,71
48,75
48,78
48,83
48,87
48,88
48,97
48,99
48,102
48,115
48,124
48,129
48,135
48,139
48,145
48,149
48,150
48,151
48,152
48,156
48,160
48,161
48,169
48,173
48,179
48,184
48,188
48,190
49,54
49,57
49,63
49,69
49,71
49,77
49,83
49,87
49,92
49,94
49,109
49,110
49,112
49,114
49,123
49,132
49,135
49,136
49,139
49,146
49,148
49,149
49,151
49,155
49,160
49,168
49,170
49,174
49,177
49,183
49,189
49,190
49,195
50,51
50,54
50,60
50,62
50,68
50,69
50,72
50,90
50,95
50,101
50,102
50,106
50,111
50,121
50,127
50,129
50,134
50,136
50,137
50,152
50,165
50,167
50,170
50,179
50,182
50,184
50,191
50,198
51,52
51,55
51,70
51,71
51,73
51,74
51,95
51,96
51,101
51,106
51,113
51,118
51,128
51,129
51,147
51,148
51,152
51,158
51,160
51,168
51,186
51,190
51,191
52,53
52,64
52,65
52,71
52,76
52,78
52,79
52,81
52,82
52,85
52,86
52,92
52,95
52,96
52,105
52,107
52,112
52,117
52,122
52,123
52,133
52,135
52,137
52,143
52,144
52,152
52,159
52,160
52,171
52,172
52,177
52,188
52,191
52,194
52,200
53,55
53,56
53,65
53,71
53,79
53,85
53,88
53,91
53,95
53,96
53,117
53,118
53,120
53,121
53,122
53,128
53,129
53,133
53,139
53,140
53,143
53,144
53,147
53,149
53,150
53,154
53,156
53,158
53,162
53,176
53,180
53,186
53,187
53,190
53,191
53,196
54,56
54,57
54,64
54,68
54,71
54,74
54,82
54,91
54,96
54,102
54,104
54,109
54,113
54,127
54,129
54,133
54,134
54,136
54,144
54,148
54,153
54,155
54,161
54,174
54,175
54,180
54,188
54,189
55,57
55,59
55,61
55,66
55,70
55,71
55,73
55,77
55,80
55,85
55,94
55,104
55,113
55,115
55,121
55,134
55,138
55,161
55,163
55,178
55,179
55,182
55,188
55,190
55,194
55,199
56,69
56,71
56,80
56,84
56,85
56,100
56,108
56,111
56,112
56,116
56,128
56,129
56,133
56,135
56,139
56,143
56,154
56,155
56,167
56,168
56,170
56,175
56,176
56,181
56,184
56,193
56,194
56,196
56,197
57,60
57,63
57,64
57,75
57,77
57,86
57,87
57,92
57,96
57,100
57,109
57,114
57,115
57,120
57,121
57,133
57,135
57,136
57,143
57,145
57,147
57,155
57,158
57,160
57,162
57,164
57,167
57,171
57,175
57,177
57,185
57,191
57,196
57,197
58,59
58,62
58,68
58,71
58,72
58,77
58,81
58,93
58,95
58,109
58,115
58,122
58,123
58,125
58,126
58,135
58,139
58,149
58,153
58,158
58,159
58,164
58,165
58,169
58,170
58,178
58,181
58,184
58,188
58,198
59,62
59,63
59,64
59,76
59,77
59,86
59,88
59,94
59,96
59,100
59,104
59,107
59,109
59,112
59,113
59,121
59,126
59,128
59,129
59,134
59,135
59,139
59,142
59,144
59,145
59,152
59,153
59,159
59,163
59,164
59,168
59,172
59,176
59,180
59,191
59,197
59,199
60,66
60,72
60,79
60,85
60,114
60,125
60,127
60,143
60,144
60,146
60,158
60,161
60,164
60,174
60,177
60,186
60,191
60,194
60,198
61,66
61,67
61,73
61,75
61,79
61,82
61,84
61,86
61,96
61,97
61,104
61,107
61,108
61,111
61,114
61,136
61,144
61,147
61,152
61,153
61,156
61,157
61,165
61,167
61,172
61,178
61,184
61,195
61,200
62,81
62,82
62,85
62,87
62,91
62,106
62,109
62,122
62,140
62,141
62,142
62,144
62,147
62,149
62,154
62,157
62,162
62,168
62,178
62,183
62,186
62,191
62,195
62,196
62,197
62,200
63,66
63,68
63,70
63,74
63,76
63,80
63,82
63,84
63,87
63,88
63,92
63,101
63,103
63,104
63,109
63,113
63,118
63,122
63,126
63,127
63,144
63,145
63,151
63,156
63,160
63,167
63,169
63,172
63,176
63,179
63,185
63,186
63,190
63,191
63,193
63,196
63,197
63,198
63,200
64,67
64,68
64,69
64,71
64,85
64,88
64,93
64,96
64,104
64,108
64,114
64,116
64,128
64,138
64,143
64,149
64,150
64,157
64,160
64,162
64,168
64,171
64,176
64,183
64,191
64,192
64,193
64,196
64,199
65,67
65,69
65,72
65,74
65,75
65,82
65,84
65,85
65,87
65,88
65,93
65,102
65,109
65,111
65,117
65,123
65,127
65,129
65,133
65,137
65,149
65,156
65,166
65,171
65,172
65,177
65,179
65,181
65,188
65,199
66,75
66,84
66,92
66,93
66,95
66,110
66,111
66,121
66,122
66,130
66,131
66,133
66,136
66,142
66,145
66,148
66,150
66,159
66,162
66,163
66,171
66,174
66,181
66,184
66,188
66,189
66,192
67,70
67,76
67,81
67,93
67,100
67,109
67,113
67,116
67,118
67,130
67,134
67,149
67,152
67,157
67,163
67,165
67,170
67,172
67,173
67,186
67,188
68,73
68,78
68,87
68,91
68,93
68,107
68,108
68,109
68,111
68,118
68,122
68,123
68,125
68,128
68,134
68,137
68,147
68,154
68,155
68,157
68,159
68,162
68,168
68,169
68,176
68,189
68,198
68,200
69,77
69,78
69,79
69,80
69,87
69,91
69,98
69,111
69,115
69,117
69,132
69,133
69,134
69,141
69,143
69,146
69,153
69,155
69,156
69,164
69,168
69,175
69,185
69,186
69,187
69,194
69,199
70,73
70,78
70,81
70,83
70,84
70,90
70,97
70,103
70,104
70,106
70,107
70,109
70,110
70,111
70,112
70,114
70,136
70,137
70,138
70,150
70,151
70,158
70,160
70,166
70,184
71,80
71,84
71,93
71,102
71,107
71,108
71,121
71,125
71,128
71,132
71,134
71,137
71,138
71,160
71,164
71,165
71,167
71,168
71,179
71,186
71,187
71,191
71,193
71,195
71,196
72,74
72,84
72,95
72,96
72,99
72,111
72,112
72,121
72,122
72,133
72,134
72,144
72,161
72,162
72,167
72,171
72,182
72,198
73,75
73,76
73,77
73,79
73,86
73,88
73,89
73,93
73,99
73,110
73,112
73,116
73,127
73,130
73,132
73,140
73,142
73,144
73,147
73,149
73,153
73,161
73,162
73,165
73,173
73,178
73,183
74,95
74,99
74,100
74,105
74,108
74,109
74,121
74,123
74,129
74,132
74,133
74,138
74,142
74,144
74,148
74,153
74,168
74,169
74,172
74,174
74,175
74,177
74,178
74,182
74,187
75,76
75,80
75,84
75,93
75,102
75,103
75,104
75,123
75,131
75,133
75,145
75,148
75,149
75,155
75,161
75,162
75,174
75,176
75,179
75,182
75,186
75,188
75,192
75,197
76,81
76,84
76,85
76,90
76,93
76,102
76,107
76,110
76,120
76,121
76,125
76,127
76,132
76,134
76,137
76,149
76,150
76,155
76,167
76,169
76,183
76,192
76,195
77,79
77,80
77,81
77,86
77,87
77,96
77,107
77,111
77,114
77,118
77,119
77,120
77,128
77,131
77,132
77,133
77,140
77,142
77,146
77,151
77,152
77,155
77,159
77,161
77,164
77,168
77,172
77,174
77,185
77,187
77,189
77,190
77,192
77,193
77,194
77,199
78,84
78,85
78,89
78,90
78,95
78,100
78,105
78,116
78,122
78,127
78,130
78,136
78,144
78,151
78,155
78,158
78,160
78,162
78,167
78,170
78,177
78,190
78,199
78,200
79,81
79,83
79,87
79,89
79,94
79,101
79,108
79,110
79,111
79,113
79,124
79,125
79,128
79,137
79,138
79,140
79,147
79,159
79,162
79,164
79,168
79,183
79,190
79,196
79,200
80,82
80,88
80,96
80,100
80,102
80,108
80,112
80,124
80,134
80,144
80,145
80,152
80,157
80,158
80,182
80,183
80,185
80,188
80,194
81,85
81,88
81,101
81,103
81,113
81,115
81,120
81,125
81,127
81,130
81,133
81,135
81,136
81,142
81,144
81,146
81,148
81,161
81,162
81,164
81,167
81,178
81,181
81,189
82,90
82,92
82,95
82,107
82,110
82,117
82,122
82,123
82,139
82,141
82,142
82,146
82,149
82,161
82,163
82,165
82,169
82,172
82,182
82,183
82,190
82,192
82,194
83,90
83,92
83,93
83,97
83,98
83,105
83,106
83,118
83,119
83,120
83,123
83,124
83,125
83,131
83,139
83,148
83,149
83,150
83,154
83,161
83,162
83,164
83,165
83,168
83,181
83,182
83,184
83,187
83,196
84,86
84,91
84,96
84,103
84,106
84,109
84,111
84,119
84,124
84,127
84,131
84,132
84,137
84,139
84,140
84,148
84,159
84,160
84,161
84,166
84,170
84,174
84,175
84,178
84,183
84,185
85,92
85,95
85,101
85,105
85,106
85,109
85,112
85,114
85,116
85,118
85,124
85,126
85,131
85,132
85,142
85,146
85,160
85,161
85,163
85,174
85,175
85,183
85,184
85,194
85,200
86,94
86,95
86,97
86,99
86,114
86,119
86,123
86,126
86,130
86,131
86,136
86,138
86,154
86,155
86,156
86,161
86,169
86,173
86,179
86,184
86,192
87,91
87,96
87,99
87,105
87,111
87,119
87,124
87,131
87,132
87,140
87,143
87,146
87,149
87,154
87,156
87,157
87,158
87,160
87,164
87,167
87,172
87,177
87,181
87,189
87,191
87,199
88,106
88,109
88,110
88,126
88,136
88,139
88,140
88,142
88,154
88,156
88,158
88,163
88,166
88,170
88,175
88,178
88,181
88,185
88,200
89,94
89,100
89,106
89,107
89,108
89,118
89,129
89,138
89,159
89,177
89,178
89,183
89,187
89,194
89,195
90,94
90,111
90,119
90,125
90,126
90,128
90,131
90,137
90,138
90,142
90,144
90,145
90,147
90,148
90,151
90,156
90,159
90,162
90,164
90,165
90,167
90,168
90,175
90,179
90,183
90,188
90,194
91,96
91,110
91,111
91,147
91,151
91,152
91,154
91,159
91,164
91,165
91,166
91,176
91,189
91,190
91,200
92,95
92,121
92,122
92,129
92,130
92,135
92,143
92,144
92,145
92,152
92,153
92,158
92,159
92,160
92,171
92,182
92,187
92,191
92,196
92,197
93,97
93,101
93,112
93,116
93,117
93,122
93,128
93,129
93,140
93,167
93,168
93,179
93,186
93,192
93,193
93,194
93,195
93,196
93,199
94,95
94,97
94,98
94,102
94,105
94,107
94,108
94,110
94,118
94,123
94,127
94,142
94,144
94,145
94,151
94,155
94,157
94,162
94,163
94,164
94,166
94,168
94,172
94,183
94,194
94,195
94,196
94,200
95,103
95,107
95,109
95,114
95,134
95,140
95,141
95,147
95,148
95,153
95,160
95,166
95,167
95,168
95,169
95,170
95,176
95,178
95,181
95,189
96,97
96,103
96,108
96,110
96,118
96,122
96,124
96,131
96,138
96,139
96,142
96,145
96,153
96,157
96,163
96,178
96,190
96,197
96,198
97,98
97,104
97,106
97,108
97,115
97,117
97,122
97,124
97,125
97,130
97,145
97,147
97,150
97,153
97,155
97,159
97,168
97,182
97,185
97,187
97,189
97,191
97,193
97,199
98,103
98,110
98,122
98,124
98,126
98,130
98,135
98,140
98,141
98,142
98,143
98,144
98,146
98,150
98,151
98,157
98,166
98,179
98,181
98,182
98,183
98,191
98,192
98,197
98,198
98,199
98,200
99,103
99,115
99,122
99,124
99,130
99,131
99,133
99,135
99,145
99,150
99,151
99,160
99,172
99,174
99,184
99,191
100,101
100,107
100,111
100,113
100,119
100,127
100,129
100,141
100,144
100,145
100,146
100,160
100,165
100,166
100,171
100,175
100,176
100,184
100,186
100,195
101,104
101,127
101,129
101,136
101,137
101,141
101,155
101,169
101,180
101,185
101,190
101,196
102,108
102,109
102,115
102,119
102,120
102,126
102,135
102,136
102,137
102,144
102,145
102,147
102,148
102,155
102,162
102,167
102,169
102,170
102,183
102,186
102,188
102,192
102,197
102,199
102,200
103,105
103,107
103,108
103,110
103,111
103,119
103,124
103,127
103,132
103,133
103,141
103,142
103,144
103,152
103,153
103,160
103,179
103,188
103,189
103,193
103,194
103,195
104,112
104,125
104,129
104,133
104,134
104,135
104,138
104,139
104,158
104,159
104,163
104,170
104,174
104,179
104,188
104,190
104,191
104,196
105,107
105,110
105,113
105,115
105,124
105,126
105,128
105,131
105,132
105,133
105,135
105,138
105,141
105,146
105,151
105,156
105,159
105,168
105,172
105,176
105,178
105,179
105,188
105,191
105,198
106,109
106,121
106,127
106,130
106,131
106,137
106,140
106,144
106,155
106,156
106,163
106,167
106,168
106,173
106,175
106,177
106,182
107,113
107,129
107,131
107,132
107,133
107,134
107,136
107,137
107,144
107,146
107,156
107,160
107,169
107,172
107,174
107,179
107,183
107,185
107,189
107,200
108,111
108,116
108,118
108,125
108,126
108,132
108,137
108,140
108,141
108,148
108,156
108,175
108,181
108,188
109,114
109,126
109,129
109,132
109,134
109,138
109,142
109,144
109,145
109,154
109,170
109,182
109,192
109,193
110,114
110,135
110,138
110,149
110,156
110,158
110,159
110,163
110,169
110,172
110,180
110,187
110,188
110,198
110,200
111,117
111,120
111,123
111,129
111,132
111,133
111,134
111,147
111,159
111,161
111,171
111,177
111,178
111,179
111,183
111,187
111,189
112,117
112,129
112,147
112,162
112,170
112,172
112,174
112,181
112,182
112,191
112,197
113,115
113,120
113,131
113,141
113,147
113,160
113,163
113,168
113,176
113,178
113,179
113,186
113,189
113,197
114,121
114,127
114,154
114,156
114,162
114,165
114,166
114,168
114,171
114,172
114,180
114,181
114,199
115,124
115,131
115,137
115,143
115,145
115,147
115,152
115,160
115,162
115,163
115,174
115,185
115,186
115,195
116,127
116,132
116,133
116,134
116,137
116,141
116,143
116,144
116,157
116,169
116,173
116,176
116,177
116,178
116,181
116,188
116,189
116,199
117,120
117,136
117,138
117,140
117,144
117,146
117,147
117,157
117,177
117,184
117,193
117,195
117,196
118,119
118,123
118,124
118,126
118,133
118,143
118,145
118,147
118,150
118,173
118,177
118,180
118,185
118,187
119,122
119,125
119,127
119,135
119,139
119,142
119,153
119,154
119,155
119,160
119,180
119,182
119,183
119,189
119,190
119,197
119,200
120,122
120,127
120,132
120,133
120,134
120,137
120,138
120,142
120,145
120,151
120,153
120,159
120,160
120,167
120,169
120,171
120,175
120,179
120,196
120,197
121,126
121,140
121,156
121,166
121,168
121,184
121,189
121,194
121,195
122,123
122,126
122,131
122,134
122,141
122,145
122,146
122,147
122,156
122,162
122,163
122,164
122,168
122,171
122,172
122,176
122,177
122,178
122,185
123,127
123,135
123,141
123,144
123,145
123,151
123,154
123,157
123,158
123,161
123,165
123,169
123,173
123,174
123,180
123,184
123,188
123,190
123,191
123,195
123,198
124,126
124,127
124,128
124,134
124,135
124,146
124,149
124,151
124,152
124,166
124,170
124,189
124,197
125,129
125,130
125,132
125,134
125,144
125,149
125,155
125,156
125,163
125,165
125,172
125,174
125,178
125,180
125,184
125,190
125,191
126,130
126,133
126,137
126,141
126,162
126,170
126,174
126,176
126,177
126,181
126,184
126,194
126,198
127,129
127,132
127,148
127,153
127,157
127,165
127,172
127,176
127,190
127,199
128,135
128,144
128,148
128,154
128,155
128,160
128,162
128,163
128,166
128,167
128,178
128,184
128,185
128,190
128,194
128,195
129,132
129,141
129,144
129,153
129,158
129,160
129,166
129,170
129,174
129,185
129,191
129,195
130,135
130,137
130,141
130,144
130,161
130,163
130,167
130,180
130,181
130,184
130,186
130,191
130,195
130,197
130,198
131,132
131,136
131,143
131,145
131,157
131,163
131,167
131,175
131,177
131,196
131,200
132,144
132,145
132,153
132,155
132,157
132,164
132,171
132,179
132,182
132,184
132,191
132,192
132,198
133,137
133,139
133,147
133,153
133,154
133,157
133,164
133,166
133,168
133,169
133,180
133,181
133,187
134,138
134,140
134,143
134,149
134,161
134,162
134,165
134,173
134,180
134,182
134,183
134,186
134,188
134,195
135,137
135,138
135,139
135,150
135,165
135,167
135,173
135,175
135,176
135,178
135,181
135,182
135,183
135,185
135,186
135,192
136,143
136,153
136,155
136,159
136,160
136,162
136,167
136,169
136,170
136,176
136,180
136,188
136,193
136,200
137,138
137,143
137,147
137,151
137,162
137,176
137,182
137,190
137,193
137,200
138,150
138,155
138,158
138,160
138,167
138,170
138,176
138,179
138,182
138,186
138,189
138,194
138,195
138,197
139,146
139,152
139,156
139,163
139,167
139,176
139,180
139,182
139,186
139,187
139,189
140,145
140,149
140,153
140,160
140,161
140,162
140,173
140,176
140,179
140,182
140,185
140,186
140,191
141,150
141,155
141,156
141,160
141,164
141,168
141,173
141,174
141,190
141,200
142,151
142,156
142,157
142,168
142,172
142,174
142,183
142,184
142,189
143,153
143,156
143,167
143,177
143,179
143,180
143,184
143,189
143,190
143,194
143,195
143,196
144,145
144,151
144,164
144,167
144,170
144,179
144,188
144,194
144,195
144,200
145,149
145,150
145,152
145,160
145,162
145,167
145,172
145,175
145,180
146,148
146,149
146,150
146,155
146,157
146,167
146,170
146,173
146,177
146,192
146,198
146,199
147,152
147,153
147,156
147,160
147,167
147,171
147,173
147,177
147,186
147,192
147,193
147,198
148,163
148,166
148,170
148,173
148,174
148,179
148,180
148,182
148,188
148,194
149,177
149,186
149,187
149,193
149,198
149,200
150,158
150,167
150,168
150,176
150,182
151,153
151,162
151,163
151,165
151,166
151,170
151,171
151,178
151,181
151,182
151,194
152,153
152,154
152,157
152,161
152,163
152,171
152,173
152,176
152,178
152,183
152,185
152,190
152,194
152,196
152,199
153,154
153,156
153,159
153,164
153,165
153,171
153,176
153,177
153,179
153,187
153,191
153,198
154,156
154,162
154,167
154,169
154,170
154,172
154,179
154,186
154,190
154,197
155,156
155,163
155,172
155,176
155,183
155,188
155,194
155,197
155,200
156,163
156,168
156,170
156,174
156,175
156,176
156,180
156,184
156,198
157,170
157,176
157,179
157,180
157,186
157,188
158,162
158,166
158,167
158,168
158,173
158,178
158,185
158,190
158,192
158,200
159,163
159,167
159,175
159,176
159,178
159,184
159,186
159,191
159,197
160,162
160,167
160,168
160,169
160,176
160,177
160,184
160,185
161,162
161,167
161,176
161,180
161,181
161,184
161,188
161,198
161,199
162,163
162,173
162,179
162,182
162,186
162,196
163,164
163,165
163,166
163,172
163,179
163,180
163,185
163,188
163,191
163,199
164,166
164,167
164,168
164,171
164,192
165,170
165,171
165,175
165,176
165,178
165,191
166,171
166,183
166,193
167,169
167,173
167,179
167,193
167,195
168,173
168,179
168,185
168,187
168,188
168,194
169,170
169,173
169,179
169,180
169,181
169,182
169,183
169,184
170,175
170,192
170,200
171,176
171,183
171,184
171,186
171,199
172,175
172,190
172,192
172,195
172,199
173,183
173,184
173,185
173,188
173,189
173,191
173,194
173,195
173,200
174,176
174,177
174,181
174,182
174,185
174,194
174,200
175,182
175,189
175,190
175,191
175,192
176,177
176,179
176,185
176,187
176,188
176,194
176,195
176,198
176,199
177,184
177,188
177,189
177,192
177,194
178,184
178,185
178,186
178,190
178,197
178,199
179,180
179,182
179,185
179,187
179,189
179,190
179,191
179,198
180,182
180,186
180,197
181,183
181,188
181,191
181,199
181,200
182,184
182,185
182,186
182,189
182,194
182,197
182,200
183,185
183,189
183,199
184,185
184,186
184,192
184,195
185,186
185,193
185,195
185,197
186,191
186,194
186,197
187,194
187,199
188,195
189,191
190,197
190,200
191,192
192,195
192,197
192,199
193,195
193,198
194,200
199,200